## net.sf.picard.metrics.StringHeader
# net.sf.picard.analysis.CollectInsertSizeMetrics HISTOGRAM_FILE=./LB-120cf/LB-120cf.mis.10.bam.insertsize.pdf INPUT=./LB-120cf/LB-120cf.mis.10.bam OUTPUT=./LB-120cf/LB-120cf.mis.10.bam.insertsize.txt VALIDATION_STRINGENCY=LENIENT    DEVIATIONS=10.0 MINIMUM_PCT=0.05 METRIC_ACCUMULATION_LEVEL=[ALL_READS] ASSUME_SORTED=true STOP_AFTER=0 VERBOSITY=INFO QUIET=false COMPRESSION_LEVEL=5 MAX_RECORDS_IN_RAM=500000 CREATE_INDEX=false CREATE_MD5_FILE=false
## net.sf.picard.metrics.StringHeader
# Started on: Sun Dec 03 15:19:57 CST 2023

## METRICS CLASS	net.sf.picard.analysis.InsertSizeMetrics
MEDIAN_INSERT_SIZE	MEDIAN_ABSOLUTE_DEVIATION	MIN_INSERT_SIZE	MAX_INSERT_SIZE	MEAN_INSERT_SIZE	STANDARD_DEVIATION	READ_PAIRS	PAIR_ORIENTATION	WIDTH_OF_10_PERCENT	WIDTH_OF_20_PERCENT	WIDTH_OF_30_PERCENT	WIDTH_OF_40_PERCENT	WIDTH_OF_50_PERCENT	WIDTH_OF_60_PERCENT	WIDTH_OF_70_PERCENT	WIDTH_OF_80_PERCENT	WIDTH_OF_90_PERCENT	WIDTH_OF_99_PERCENT	SAMPLE	LIBRARY	READ_GROUP
152	34	19	337	158.446315	54.66036	16215	FR	13	25	39	53	69	85	105	133	187	321			

## HISTOGRAM	java.lang.Integer
insert_size	All_Reads.fr_count
19	15
20	4
21	1
22	3
23	2
24	1
25	22
26	2
27	1
28	7
29	2
30	2
31	1
32	7
33	1
34	5
35	11
36	7
37	5
38	18
39	25
40	4
41	16
42	12
43	16
44	11
45	12
46	10
47	4
48	3
49	2
50	11
51	4
52	13
53	19
54	6
55	1
56	14
57	8
58	8
59	6
60	7
61	8
62	14
63	8
64	11
65	22
66	11
67	16
68	16
69	17
70	24
71	36
72	23
73	26
74	17
75	28
76	20
77	29
78	25
79	23
80	27
81	36
82	51
83	42
84	60
85	38
86	55
87	40
88	49
89	43
90	46
91	68
92	50
93	55
94	59
95	85
96	82
97	76
98	69
99	70
100	97
101	100
102	97
103	86
104	104
105	114
106	125
107	90
108	97
109	95
110	103
111	121
112	104
113	107
114	118
115	119
116	123
117	118
118	115
119	128
120	131
121	120
122	121
123	127
124	113
125	124
126	115
127	105
128	121
129	112
130	122
131	134
132	116
133	129
134	136
135	124
136	157
137	117
138	138
139	128
140	137
141	117
142	131
143	105
144	132
145	129
146	138
147	119
148	140
149	130
150	132
151	113
152	135
153	150
154	150
155	138
156	134
157	123
158	121
159	139
160	139
161	123
162	124
163	130
164	133
165	124
166	121
167	110
168	119
169	138
170	125
171	105
172	109
173	108
174	118
175	98
176	112
177	99
178	109
179	108
180	89
181	75
182	99
183	100
184	77
185	77
186	86
187	93
188	61
189	81
190	91
191	92
192	66
193	64
194	73
195	70
196	64
197	53
198	50
199	64
200	53
201	53
202	49
203	66
204	55
205	59
206	47
207	55
208	72
209	59
210	52
211	54
212	58
213	45
214	44
215	39
216	44
217	38
218	52
219	39
220	53
221	30
222	50
223	42
224	40
225	46
226	47
227	51
228	42
229	45
230	36
231	33
232	46
233	39
234	34
235	41
236	33
237	35
238	36
239	30
240	29
241	21
242	26
243	19
244	29
245	27
246	24
247	30
248	17
249	35
250	38
251	32
252	31
253	25
254	31
255	34
256	22
257	28
258	25
259	26
260	16
261	23
262	23
263	21
264	25
265	23
266	16
267	22
268	14
269	17
270	17
271	18
272	14
273	16
274	9
275	22
276	19
277	21
278	10
279	13
280	12
281	16
282	21
283	14
284	20
285	9
286	19
287	15
288	11
289	11
290	18
291	12
292	12
293	7
294	11
295	7
296	12
297	8
298	7
299	9
300	14
301	7
302	10
303	10
304	10
305	10
306	8
307	6
308	9
309	6
310	8
311	8
312	7
313	7
314	3
315	6
316	8
317	6
318	11
319	7
320	3
321	8
322	14
323	13
324	7
325	8
326	8
327	11
328	6
329	6
330	5
331	6
332	6
333	1
334	2
335	1
336	2
337	1

